5.0659443812326671e-03
4.7860046490865006e-03
5.1159167308941766e-03
5.2439956319449655e-03
5.1835688777737993e-03
4.6796982616624967e-03
4.9214620038857994e-03
5.4009702215624357e-03
4.8189433673164169e-03
5.1381225535038124e-03
5.0925259521234457e-03
4.8797379127151867e-03
5.1029230369578436e-03
4.9077483865370046e-03
5.0320508277518798e-03
4.9981397022461896e-03
5.0687945119486265e-03
5.1240823582616394e-03
5.0000527697414568e-03
5.0415575360639878e-03
4.8791842152115586e-03
5.0990904799081815e-03
5.0640153828939716e-03
4.9601591275590922e-03
5.0571242687862152e-03
4.9848507070777660e-03
5.0485859297519746e-03
5.0730702675715836e-03
4.9743350242313156e-03
5.0406183976697853e-03
5.0591617587028188e-03
5.0178506879274380e-03
5.0193125390570270e-03
5.0147581174541907e-03
5.0499579001758114e-03
4.9808994128015338e-03
5.0177330761525590e-03
5.0563128650868072e-03
5.0149492101956650e-03
5.0559442693396597e-03
5.0539738745519020e-03
4.9753044553469553e-03
5.0158881368694988e-03
5.0668352847492073e-03
4.9980821280784481e-03
5.0355194034661472e-03
5.0130551165750176e-03
5.0583500081352864e-03
4.9912083058554048e-03
5.0577807847461218e-03
5.0134883995745583e-03
5.0602146533872874e-03
4.9808868956780676e-03
5.0669288274494484e-03
5.0128828881141072e-03
5.0205056597244207e-03
5.0328902332643175e-03
5.0487199863002196e-03
4.9923845106122832e-03
5.0684067019397972e-03
4.9873058251115833e-03
5.0647909283882521e-03
5.0082170105897094e-03
4.9969123264940948e-03
5.0896786769172369e-03
4.9543830629724507e-03
5.0526533469133286e-03
5.0475964679541820e-03
5.0045696808391953e-03
5.0501870872147712e-03
5.0051024599103728e-03
5.0588930102455267e-03
5.0129136168832814e-03
5.0293046616855753e-03
5.0271744626214860e-03
5.0179616598996649e-03
4.9944718321868501e-03
5.0462828331316253e-03
4.9753215825288407e-03
5.0641050563033450e-03
5.0169786693463952e-03
5.0381254516447633e-03
4.9876053337213448e-03
5.0450203510780042e-03
5.0158240155001041e-03
5.0375690042215550e-03
5.0531544236898382e-03
4.9527278589670785e-03
5.0778306706536318e-03
4.9591519229906537e-03
5.0818081470015092e-03
5.0189141128610991e-03
5.0261746194002026e-03
5.0196323582902495e-03
5.0149164120420545e-03
5.0035420515312512e-03
5.0517936342335248e-03
5.0380976926072754e-03
5.0110514597017965e-03
5.0188515106656048e-03
5.0316956953999053e-03
5.0096004312450149e-03
5.0019758055321285e-03
5.0757696463617418e-03
4.9747233064728370e-03
5.0470077129800180e-03
5.0256539485615528e-03
5.0074786247906204e-03
5.0486555095307206e-03
5.0457818090740908e-03
5.0521210486282973e-03
5.0284426996817597e-03
5.0339538476714425e-03
5.0392518939033877e-03
4.9866516660934269e-03
5.0570248384671406e-03
5.0011062667132860e-03
5.0612122363513567e-03
5.0075176585636580e-03
5.0213258843648323e-03
5.0456569776614656e-03
4.9975288237446812e-03
5.0424897491538152e-03
5.0436476688363457e-03
5.0419644834054922e-03
5.0282827221077948e-03
5.0208933767627757e-03
5.0157803659170580e-03
5.0405932812733244e-03
4.9977994206171616e-03
5.0775139770576324e-03
5.0150146939048606e-03
5.0456864971686211e-03
5.0001474268302221e-03
5.0546463080985635e-03
5.0137758420490154e-03
5.0406102452586051e-03
5.0272302679675402e-03
5.0343405929930141e-03
5.0429951759780539e-03
5.0239625584899148e-03
5.0419856507517994e-03
4.9991712768604436e-03
5.0568700567580633e-03
5.0335453591818747e-03
4.9743346436565850e-03
5.1199673743575584e-03
4.9658418784690600e-03
5.0316535195866112e-03
5.0382740066819949e-03
4.9659978919560869e-03
5.0582926588661195e-03
5.0087849786354484e-03
5.0190398778630413e-03
5.0720665189786665e-03
4.9995700314341513e-03
5.0519882131094219e-03
5.0704667657389211e-03
4.9555008528544995e-03
5.0968597012304136e-03
4.9885106644071489e-03
5.0169267905210728e-03
5.0617714556487024e-03
5.0155458117309365e-03
5.0379926617575670e-03
5.0054260583765045e-03
5.0396176020945128e-03
5.0077581866593149e-03
5.0582765269869268e-03
5.0003886672624950e-03
5.0357916828943344e-03
5.0382541514425389e-03
5.0286827314936526e-03
5.0028100530499428e-03
5.0608399521905401e-03
5.0148893420033248e-03
5.0444594192221009e-03
5.0097674934465675e-03
5.0195792294495346e-03
5.0320956893393533e-03
5.0237382043124331e-03
5.0235676800480479e-03
4.9943101431939325e-03
5.0582958611604268e-03
5.0205617608074203e-03
5.0195193995377510e-03
5.0466766413178581e-03
5.0244094646250967e-03
4.9997995837307201e-03
5.0746176185986853e-03
5.0022317746526677e-03
4.9775303691090055e-03
5.0621191279998801e-03
4.9990397698385378e-03
5.0617977406427709e-03
5.0140172267489251e-03
5.0760184795693997e-03
4.9980205166465083e-03
5.0363916381470815e-03
5.0207814799444767e-03
4.9840685876664671e-03
5.0650886057686598e-03
4.9730881007643644e-03
4.9973788685016632e-03
5.0304232724885291e-03
5.0495061395555187e-03
5.0078641668950003e-03
5.0413618129021035e-03
5.0370856790125044e-03
4.9588245108034383e-03
5.0950132643427567e-03
4.9433998457841400e-03
5.0846043834034708e-03
4.9894124123599191e-03
5.0214592222901002e-03
5.0284037215033977e-03
5.0177985982688203e-03
5.0566414532992755e-03
4.9781634446054539e-03
5.0423681925932003e-03
5.0107370161827152e-03
5.0230956877302417e-03
5.0162127525983117e-03
4.9874041036403992e-03
5.0067030339699089e-03
5.0469186377912600e-03
4.9974961100972878e-03
5.0482632486698866e-03
5.0322347666965448e-03
4.9959444726472343e-03
5.0663886015666314e-03
5.0077204531642555e-03
5.0475108543290605e-03
4.9754094733563984e-03
5.0210355499597271e-03
5.0131208431415351e-03
5.0139070301766404e-03
5.0186122495218836e-03
5.0481815723936382e-03
4.9854890320404355e-03
5.0467208607368813e-03
5.0562055783894919e-03
5.0255315221155372e-03
5.0416211298813813e-03
4.9775478797954515e-03
5.0316961012349054e-03
4.9706010414801438e-03
5.0023309064206514e-03
5.0571190695423464e-03
5.0213026074538121e-03
5.0229372673330054e-03
5.0443078053573481e-03
5.0301558428329125e-03
5.0371975590751275e-03
5.0616523422909602e-03
5.0386799007076516e-03
5.0045934592606346e-03
4.9864397361875923e-03
5.0741793357844322e-03
4.9934319336927581e-03
5.0219501066508694e-03
5.0545031529884432e-03
5.0057399936649632e-03
5.0423447883740065e-03
5.0419109045322175e-03
4.9995886353207276e-03
5.0634506715550379e-03
5.0105441993388245e-03
5.0415436652337109e-03
5.0132170334295329e-03
5.0011021397620295e-03
5.0837230666282178e-03
5.0171845125001032e-03
5.0022724559746481e-03
5.0608829969953622e-03
5.0027867998992488e-03
5.0859645209975959e-03
5.0432788413217067e-03
5.0372416031179189e-03
5.0208242748884298e-03
5.0409349414652247e-03
5.0092117470069385e-03
5.0326086307054584e-03
5.0343264386507039e-03
5.0135647189464847e-03
5.0343749842119345e-03
5.0005922293215235e-03
5.0682726962097725e-03
5.0451924575613556e-03
5.0702974188481312e-03
5.0130508906948935e-03
5.0634176522172999e-03
5.0216625504588544e-03
5.0055164026780279e-03
5.0602896570254539e-03
5.0102126025758954e-03
5.0013298166840360e-03
5.0327676298410453e-03
5.0039099791876034e-03
5.0581208645163961e-03
5.0682506842884218e-03
5.0623984693423819e-03
5.0753961759185083e-03
5.0352262732786318e-03
5.0405888552657171e-03
5.0025432786141039e-03
5.0386968472092451e-03
5.0192604239512250e-03
5.0262945966671590e-03
5.0123310521899642e-03
5.0350778930134165e-03
4.9821849580842480e-03
5.0518957828470726e-03
5.0561253757640178e-03
5.0435725716207122e-03
5.0210626395052931e-03
5.0485637430842320e-03
5.0601315277056681e-03
5.0033867454496389e-03
5.0548523536368727e-03
5.0167213857739970e-03
5.0460829494219789e-03
5.0197420751348703e-03
5.0417675095699071e-03
5.0234503728618842e-03
5.0250416884883705e-03
5.0385368969286101e-03
5.0254586770861805e-03
5.0626150142755854e-03
4.9896527278488504e-03
5.0309237742170738e-03
5.0900897242527410e-03
4.9733949244548867e-03
5.0549508443160146e-03
5.0362698721264851e-03
4.9702027344577411e-03
5.0533166973236480e-03
5.0251605042631996e-03
5.0149078601977948e-03
5.0453224786347348e-03
5.0369634630125504e-03
5.0411162065571325e-03
5.0131802206080291e-03
5.0566250595826109e-03
4.9968871269351041e-03
5.0748766613932543e-03
4.9838520305826436e-03
5.0333751294174018e-03
4.9821328782246746e-03
5.0301544193403049e-03
5.0279654664147624e-03
4.9997813775327004e-03
5.0523045844475152e-03
5.0241893614604892e-03
5.0325497729806499e-03
5.0341862131308016e-03
5.0489308357820860e-03
5.0428859528651206e-03
5.0152298328879318e-03
5.0613567308708087e-03
4.9593213330077421e-03
4.9842072102123727e-03
4.9981703908916009e-03
5.0046052487368658e-03
5.0174609345841319e-03
4.9894576450605866e-03
5.0748221092322002e-03
4.9880371419341960e-03
5.0524593668342405e-03
5.0160945821253631e-03
5.0443237044407226e-03
5.0477851421598064e-03
4.9928885319657033e-03
5.0752565812831468e-03
4.9818230483458827e-03
5.0143301033506700e-03
4.9973481761519849e-03
5.0274654839963682e-03
4.9674222041091566e-03
5.0209637073982960e-03
5.0103955124309214e-03
5.0098084211162297e-03
5.0156543100819380e-03
5.0186323026779741e-03
5.0081601139690219e-03
5.0161659677735752e-03
5.0288137585479814e-03
5.0229223757501957e-03
5.0082430482683701e-03
5.0344617566892135e-03
4.9994752154426730e-03
5.0112535873985944e-03
5.0233898120937634e-03
5.0105267977345993e-03
4.9886779251700234e-03
5.0378651689982363e-03
5.0010491961814309e-03
5.0023038679117482e-03
5.0411959364698314e-03
5.0267276341931641e-03
4.9799407474722737e-03
5.0446870337762829e-03
5.0109649915422967e-03
4.9898039586401301e-03
5.0128738065655220e-03
5.0037438437062478e-03
5.0228918372129013e-03
5.0110525455180858e-03
5.0220610435158580e-03
4.9980888440391141e-03
5.0701704409122023e-03
4.9971444257435839e-03
5.0466591259966196e-03
5.0179513078776128e-03
5.0151674773876902e-03
5.0270507519033884e-03
5.0294443620618589e-03
4.9861590603978642e-03
5.0309992639810553e-03
4.9949464287493391e-03
5.0135401375482561e-03
4.9857644003286055e-03
5.0275081846234910e-03
4.9998395997672938e-03
5.0167705302113334e-03
5.0619352133764320e-03
5.0655791408841053e-03
5.0287989844027417e-03
5.0516193564389914e-03
5.0335690440421015e-03
5.0380015350936277e-03
5.0215693912924950e-03
5.0211292727893259e-03
5.0398706781776608e-03
4.9874303760800301e-03
5.0303106665240127e-03
4.9797418470828051e-03
5.0374802884551855e-03
5.0381883926680594e-03
4.9912562219414282e-03
5.0383362510504487e-03
5.0622638971960362e-03
5.0209485823487776e-03
5.0425712962830979e-03
5.0664074468647876e-03
5.0382420511471066e-03
5.0662339508842904e-03
5.0276749322623587e-03
5.0385299899393960e-03
5.0180451537652597e-03
5.0539289435753603e-03
5.0109098246359134e-03
5.0557442151210989e-03
5.0050604899096861e-03
5.0304211652615520e-03
5.0483094101212338e-03
5.0160675644763796e-03
5.0189787777180006e-03
5.0736654846966541e-03
5.0113685645358326e-03
5.0666197211180746e-03
5.0290985708772553e-03
5.0561499365628206e-03
5.0373415019845285e-03
5.0591248015396679e-03
5.0283434443686072e-03
5.0551234817089938e-03
5.0327736201378308e-03
5.0669509401842575e-03
5.0107045014025596e-03
5.0486629514741883e-03
5.0764588550857243e-03
5.0197807921118446e-03
5.0742112469872912e-03
5.0277288674560223e-03
5.0473808529831465e-03
5.0239433367689828e-03
5.0608206132486608e-03
4.9783933792239094e-03
5.0715289520861179e-03
5.0257489141927606e-03
5.0342191925752209e-03
5.0424524740902334e-03
5.0335305927323576e-03
5.0278831623478985e-03
5.0579664737317627e-03
5.0853123005046895e-03
4.9961795229182971e-03
5.1184080371644543e-03
5.0254187551499029e-03
5.0635480072467850e-03
5.0650203576632202e-03
5.0240885255101383e-03
5.0498151751797163e-03
5.0128801614969165e-03
5.0112961373995797e-03
5.0293143827116592e-03
5.0204631944090446e-03
5.0138015609797948e-03
5.0235654228393501e-03
5.0388440495126013e-03
5.0462469122047795e-03
5.0172687136416840e-03
5.0367783504866792e-03
5.0816657102528938e-03
5.0317114079018324e-03
5.0779670353767173e-03
5.0153498324228898e-03
5.0244858561911895e-03
5.0666477998368006e-03
5.0291698000530802e-03
5.0131525078082025e-03
5.0494296651564094e-03
5.0088081678216993e-03
5.0237606645172237e-03
5.0028588378930377e-03
5.0218221958034269e-03
4.9968506348495078e-03
5.0481233019970297e-03
5.0350790324193723e-03
5.0242702215105841e-03
5.0312640132568458e-03
5.0327038443495941e-03
5.0198974171770062e-03
5.0553434191770701e-03
5.0485447814647049e-03
4.9797488234300802e-03
5.0987577587323762e-03
5.0150762706316692e-03
5.0206373776402850e-03
5.0369015742198877e-03
5.0052378441091177e-03
5.0189733276815220e-03
5.0208848007621508e-03
4.9846329649177491e-03
5.0269209130115256e-03
5.0088282988444482e-03
5.0015833098793674e-03
5.0204405768683241e-03
4.9833344042236822e-03
5.0395645093861850e-03
5.0279733287953380e-03
4.9879741934937107e-03
5.0214145196645424e-03
5.0097239177569622e-03
5.0038307435468004e-03
5.0263388514086953e-03
5.0141523419043772e-03
5.0259838394195100e-03
5.0286482955007056e-03
5.0437243107555214e-03
5.0110963582998278e-03
4.9965812107210916e-03
5.0254074129548239e-03
5.0296924730964861e-03
4.9852828294300175e-03
5.0518864846428773e-03
4.9698997821180819e-03
4.9972564879986565e-03
4.9866169439220119e-03
5.0201173671406514e-03
4.9380833539756615e-03
5.0345685323922255e-03
4.9627517033683935e-03
5.0108722774976217e-03
5.0199585092904585e-03
5.0133243442442446e-03
5.0281859863044193e-03
5.0090949511366447e-03
5.0422651776467235e-03
5.0100028756785327e-03
5.0308828304855419e-03
5.0305386461869427e-03
5.0009525808580426e-03
5.0017150127394036e-03
5.0261277969738654e-03
5.0181374021470541e-03
4.9853711841980767e-03
4.9931847102012835e-03
5.0123922943897167e-03
4.9662212573066931e-03
5.0556059396628600e-03
4.9796478456592850e-03
5.0134735522953770e-03
5.0068758467160220e-03
5.0145084054094985e-03
4.9996023033119976e-03
5.0343341978816665e-03
4.9934283818458668e-03
5.0489801367480640e-03
5.0144012442949913e-03
5.0425879986933323e-03
4.9940853694523113e-03
5.0244347628391386e-03
4.9834845195356938e-03
5.0538570688961433e-03
4.9806868000305902e-03
5.0408648546430646e-03
4.9706601806311108e-03
4.9978526117891598e-03
5.0370971943811587e-03
4.9911219152605196e-03
4.9633505173561814e-03
5.0460956218787191e-03
4.9669575019448678e-03
5.0525371225091584e-03
5.0026727420675477e-03
5.0207846200600904e-03
5.0538059190250806e-03
5.0284349024418747e-03
5.0381991626262295e-03
5.0249047953152713e-03
5.0504324579376493e-03
5.0294247911434635e-03
5.0548763986492046e-03
4.9982658274460639e-03
5.0436744362743549e-03
5.0318542981401407e-03
5.0343776909819336e-03
5.0322740147335076e-03
5.0131479591916488e-03
5.0421343510172814e-03
5.0067272019994986e-03
5.0248537828775190e-03
5.0129132306940350e-03
5.0107000398026966e-03
5.0016443674194026e-03
5.0628730546936644e-03
5.0079725380279333e-03
5.0428162575760476e-03
5.0286838503632433e-03
5.0454274197011600e-03
5.0319921185099110e-03
5.0541465419102214e-03
5.0584074952162968e-03
5.0650451885773115e-03
5.0480254236115567e-03
5.0662705384614337e-03
5.0576119934152104e-03
5.0765731529533358e-03
5.0341494761604235e-03
5.0479391300366962e-03
5.0253975097117659e-03
5.0461153677847899e-03
5.0212429255643096e-03
5.0429963685624047e-03
5.0181864080210466e-03
5.0306577210259568e-03
5.0381080060854259e-03
5.0346202091515659e-03
5.0548250360567667e-03
5.0365676010390784e-03
5.0283148962976870e-03
5.0559534196311460e-03
5.0509742669471863e-03
5.0438907067933744e-03
5.0463437974905953e-03
5.0725067796336997e-03
5.0231435080193912e-03
5.0629945960640509e-03
5.0276522276527296e-03
5.0634358639533930e-03
5.0336441832615989e-03
5.0646596116709032e-03
5.0223111027090711e-03
5.0798304502891016e-03
5.0230935866807224e-03
5.0299553342214240e-03
5.0562841295314249e-03
5.0242606814372304e-03
5.0563364487857029e-03
5.0550049023817467e-03
5.0446135476783921e-03
5.0376924565730622e-03
5.0733988657443458e-03
5.0260453262862964e-03
5.1118830398193434e-03
5.0425857490862327e-03
5.0183691304712310e-03
5.1029704406024123e-03
5.0744487289416194e-03
5.0261991932385027e-03
5.0766408857143659e-03
5.0359780342613125e-03
5.0316310122130612e-03
5.0632414309485820e-03
5.0163236605710688e-03
5.0216988226362697e-03
5.0560782148510617e-03
4.9984219635312351e-03
5.0557167649251016e-03
4.9880196823318141e-03
5.0521689908335507e-03
5.0342703520698901e-03
5.0314812761021802e-03
5.0201243522203691e-03
5.0450599236264672e-03
5.0184166695241049e-03
5.0520235085640356e-03
5.0310521680861043e-03
5.0565866918345281e-03
5.0554579315032454e-03
5.0325939789261850e-03
5.0528944931098338e-03
5.0555276513901395e-03
5.0441076197969793e-03
5.0288638714642998e-03
5.0444500767258156e-03
5.0430599827301237e-03
5.0193983374645767e-03
5.0344487214536524e-03
5.0039897738043335e-03
5.0479676948544765e-03
4.9946233590847282e-03
4.9857445378722470e-03
5.0175208643421336e-03
5.0135644732868332e-03
4.9994023368973911e-03
4.9771033053655940e-03
5.0343168413527631e-03
5.0060064672913735e-03
5.0257934002230194e-03
5.0150418569354744e-03
5.0040313403304755e-03
5.0602908400191847e-03
5.0172358007064882e-03
5.0163761090410786e-03
5.0323294270826014e-03
5.0120345134363389e-03
5.0146395935251270e-03
5.0147352073458421e-03
5.0201717686755134e-03
5.0202943412074440e-03
5.0103482694501119e-03
5.0160345786536631e-03
5.0237042023915518e-03
5.0110376005563784e-03
5.0182688374053944e-03
5.0093299926181325e-03
5.0231728922264718e-03
5.0251935311357472e-03
4.9970931574555523e-03
5.0261031233570152e-03
4.9945745782499443e-03
5.0199770152562296e-03
4.9880807539872188e-03
5.0148073686539811e-03
5.0192444386954038e-03
4.9809379651320458e-03
5.0446454516038597e-03
4.9782581920672572e-03
5.0179813827425654e-03
4.9884486237772923e-03
5.0002637212998441e-03
4.9971647484358785e-03
4.9800549380651883e-03
4.9925485303024091e-03
4.9615008773359103e-03
5.0262019256131479e-03
4.9953426722058299e-03
4.9581132837015502e-03
5.0042875406888640e-03
4.9862446866385558e-03
5.0368047137397363e-03
4.9716624696006699e-03
5.0395215984885052e-03
4.9799262126560915e-03
5.0213691798639973e-03
5.0262246869368400e-03
4.9836150935996084e-03
5.0442729134133656e-03
4.9960169073109822e-03
5.0409235385721531e-03
4.9903197081690859e-03
5.0118813893657048e-03
5.0106314068113856e-03
5.0162049269100104e-03
5.0160657929829789e-03
4.9917443856005899e-03
5.0223803959009916e-03
4.9929483336044371e-03
5.0036722261360767e-03
4.9709323620250774e-03
5.0060561845455603e-03
5.0141400641470534e-03
4.9877852584732148e-03
4.9969928297098629e-03
5.0057066413559765e-03
5.0047163337946640e-03
4.9886715377374484e-03
4.9998532214695557e-03
5.0084963490131832e-03
5.0149395463471285e-03
5.0206712079514590e-03
4.9914727022226232e-03
5.0626602694180583e-03
5.0285976716117646e-03
5.0368139151720651e-03
5.0194091362068503e-03
5.0501221515202631e-03
5.0477283012786726e-03
5.0254050100897547e-03
5.0186711190393449e-03
5.0424615241047369e-03
5.0121372758694608e-03
5.0653480609209687e-03
4.9842730206013652e-03
5.0189926953618140e-03
5.0361403095549317e-03
5.0387488496354592e-03
5.0126128760461111e-03
5.0512084419455268e-03
5.0168401984461361e-03
5.0321740877660960e-03
5.0276708393481948e-03
5.0276813189856903e-03
5.0208954100389516e-03
5.0154713488655273e-03
5.0218047643665062e-03
5.0178543247572762e-03
5.0143731472166572e-03
5.0274179977275093e-03
5.0140692328809319e-03
5.0355314479038193e-03
5.0154099849078117e-03
5.0498792944762222e-03
5.0202612525651205e-03
5.0538424094268737e-03
5.0390274300776356e-03
5.0380367122347391e-03
5.0460810422457035e-03
5.0583090818834839e-03
5.0086177919079419e-03
5.0746552617491527e-03
5.0349886320860040e-03
5.0596054835015574e-03
5.0680088764485228e-03
5.0482060691016822e-03
5.0754616385826085e-03
5.0582342692024026e-03
5.0843349946931848e-03
5.0293217308159830e-03
5.0694538227793774e-03
5.0621755590018044e-03
5.0595212566225600e-03
5.0706883396213452e-03
5.0103885590896454e-03
5.0530977765222730e-03
5.0480030017740095e-03
5.0505817697732930e-03
5.0442340725664822e-03
5.0405578039125687e-03
5.0431605649253388e-03
5.0475267321027596e-03
5.0463540505949252e-03
5.0407862658453798e-03
5.0544867748651872e-03
5.0460654831383815e-03
5.0700149064785496e-03
5.0342797731230291e-03
5.0568546857814936e-03
5.0485501243403797e-03
5.0623131240640920e-03
5.0438664891904158e-03
5.0695386302684843e-03
5.0476769429833885e-03
5.0959729077360242e-03
5.0208480807925745e-03
5.0661739950930620e-03
5.0437495803676699e-03
5.0715269857546357e-03
5.0377813538718822e-03
5.0594186737644336e-03
5.0611579848383022e-03
5.0774315509166199e-03
5.0327071296046317e-03
5.0691682086000719e-03
5.0334705638285142e-03
5.0608262560424460e-03
5.0282904612550389e-03
5.0182092793623874e-03
5.0436925219989309e-03
5.0277919251774834e-03
5.0363573568361570e-03
5.0136149225982560e-03
5.0173710917683634e-03
5.0560403177672538e-03
5.0140920766564376e-03
5.0538430488696719e-03
5.0076178291720945e-03
5.0329347857917591e-03
5.0555281710857585e-03
5.0399134934745226e-03
5.0057234574741784e-03
5.0484792522252925e-03
5.0062057129902386e-03
5.0418376303945252e-03
5.0233427866318240e-03
5.0400133356489837e-03
5.0360325854769857e-03
5.0402252875379099e-03
5.0421207461430950e-03
5.0592126199201122e-03
5.0333211328617115e-03
5.0560315210462260e-03
5.0497674296603673e-03
5.0388516022025235e-03
5.0451647736999665e-03
5.0204960790325237e-03
5.0604408187886534e-03
5.0110254040545560e-03
5.0369144815353688e-03
5.0240479441157997e-03
5.0116740519462648e-03
5.0318952429557993e-03
5.0074762342132220e-03
5.0170922004973088e-03
5.0284054787835975e-03
5.0041581480956502e-03
5.0087338037771408e-03
5.0021630893530714e-03
5.0016419561096761e-03
4.9985074457144594e-03
4.9976295732996907e-03
5.0063147712614891e-03
4.9726260150272398e-03
5.0252562378136001e-03
4.9955728714950118e-03
5.0085628873925963e-03
4.9914421677558687e-03
4.9941384036388632e-03
5.0275625830685337e-03
5.0048327778554041e-03
5.0331050546578437e-03
4.9760087175260087e-03
5.0228358057025834e-03
5.0048734240825616e-03
5.0214494448888236e-03
4.9856763553078488e-03
5.0193623034109217e-03
4.9948700087244684e-03
4.9999978915016268e-03
4.9954133795552099e-03
5.0182299840272433e-03
4.9649980054312622e-03
5.0328836032995910e-03
4.9616352769166700e-03
5.0172206445536017e-03
4.9965253851029434e-03
4.9862632761254978e-03
5.0022224122209021e-03
4.9913587560625593e-03
4.9798075764362904e-03
5.0438684449346984e-03
4.9754785655689296e-03
5.0207391072356819e-03
4.9914769879235554e-03
5.0073247756284890e-03
5.0115408304759971e-03
4.9958090983375659e-03
4.9825343492224429e-03
5.0207116553422264e-03
4.9920108403267533e-03
5.0048342194195005e-03
4.9981766835328276e-03
5.0274831217270721e-03
5.0066291429943380e-03
5.0270899304102421e-03
4.9984557041019137e-03
5.0081583898351793e-03
5.0325669633905015e-03
5.0154512465693177e-03
5.0039395940562163e-03
5.0273746562943707e-03
4.9848309645876996e-03
5.0426778397358605e-03
5.0071244414898021e-03
5.0119882479200718e-03
4.9870545146933317e-03
5.0396626923479440e-03
5.0008782435083231e-03
5.0262995060553223e-03
5.0161106658411069e-03
5.0235377724782392e-03
5.0024375286526011e-03
5.0131308167362222e-03
4.9970090376423573e-03
5.0101298818759207e-03
4.9940825080670697e-03
4.9995545546322262e-03
5.0138137306575629e-03
4.9783317815433447e-03
5.0159365342605892e-03
4.9940899243740853e-03
5.0172253855098759e-03
5.0076215280930036e-03
4.9905137845168450e-03
5.0420740521747807e-03
5.0019196846914958e-03
5.0099056606098952e-03
5.0459936633964206e-03
4.9864570712088484e-03
5.0475639517656217e-03
5.0095577895627732e-03
5.0361696762428396e-03
5.0247753075385558e-03
5.0510390898175035e-03
5.0302716131812317e-03
5.0339057071265318e-03
5.0557367381560778e-03
5.0297227946258845e-03
5.0423055133226062e-03
5.0670491307090171e-03
5.0149823245793663e-03
5.0438649141630477e-03
5.0255863540272965e-03
5.0584909428983754e-03
5.0399720992590083e-03
5.0306061398093585e-03
5.0515738888221324e-03
5.0049081197474253e-03
5.0844317879915994e-03
5.0166604080267045e-03
5.0584235825144831e-03
5.0177571354129953e-03
5.0866886759472069e-03
5.0215431336289602e-03
5.0612123873397122e-03
5.0539315641029156e-03
5.0554258632767319e-03
5.0333499536815898e-03
5.0715264120547478e-03
5.0442238415606688e-03
5.0656055345079803e-03
5.0589978650268956e-03
5.0317081006430392e-03
5.0700676180339549e-03
5.0546913947593225e-03
5.0514112524853065e-03
5.0495104722384429e-03
5.0376200454948488e-03
5.0490818048124098e-03
5.0483679044041538e-03
5.0385927647388111e-03
5.0528081431965091e-03
5.0315557695936814e-03
5.0428520415143601e-03
5.0570854095287271e-03
5.0393335484989216e-03
5.0403918013148530e-03
5.0540187952387494e-03
5.0563620059720779e-03
5.0460346020278915e-03
5.0267930692382938e-03
5.0562765093100899e-03
5.0246019587904776e-03
5.0682078259575497e-03
5.0444763568242047e-03
5.0276587590482704e-03
5.0670713827676269e-03
5.0337238059385992e-03
5.0642276104207774e-03
5.0297103125787317e-03
5.0527012442449278e-03
5.0367963520569093e-03
5.0653839052591607e-03
5.0504430070291515e-03
5.0407453602152137e-03
5.0556304495983032e-03
5.0492892426909353e-03
5.0252612680540638e-03
5.0597374041508065e-03
5.0467332442710169e-03
5.0549172018783265e-03
5.0617974500467410e-03
5.0482869002126986e-03
5.0631494345604981e-03
5.0579859641831319e-03
5.0385714852471657e-03
5.0858501360395375e-03
5.0385128977415592e-03
5.0582261348953968e-03
5.0566713485056640e-03
5.0466656723944210e-03
5.0594968658510585e-03
5.0217681627715387e-03
5.0601875943671534e-03
5.0567074414475431e-03
5.0285324652667432e-03
5.0620524150305161e-03
5.0335358685886554e-03
5.0433439242731247e-03
5.0421383932672832e-03
5.0296173743100518e-03
5.0339136844509301e-03
5.0221186893611037e-03
5.0434760639772704e-03
5.0057853726384761e-03
5.0318991507213758e-03
5.0291182333014181e-03
5.0089873219918528e-03
5.0311245153615075e-03
5.0273103489299267e-03
5.0367520609693609e-03
5.0250701579170609e-03
5.0013607773610981e-03
5.0443017895960693e-03
5.0005178168050102e-03
5.0454748878371487e-03
5.0068456214781556e-03
5.0153656413835356e-03
5.0172526743449113e-03
5.0304200807353280e-03
4.9893711273113310e-03
5.0205427345408980e-03
5.0049829409741916e-03
5.0032556006659604e-03
5.0096121178010182e-03
5.0111746899795025e-03
4.9989251797571453e-03
5.0067255728981639e-03
4.9976381988045679e-03
5.0063184180195704e-03
5.0094446539889056e-03
5.0010359899744488e-03
5.0131751157879998e-03
4.9911731991814151e-03
5.0284224923875477e-03
5.0003899981293648e-03
5.0053779726465407e-03
5.0111660907136788e-03
5.0108278852103788e-03
5.0126490242203498e-03
5.0075125357558438e-03
5.0252862781405144e-03
4.9970323326833871e-03
5.0200889009518962e-03
5.0025333192860403e-03
5.0237764556898441e-03
4.9751409240493564e-03
5.0160324266565861e-03
4.9960676053730441e-03
5.0183107972668287e-03
5.0007568092370960e-03
5.0140978637608627e-03
4.9856492759061139e-03
5.0087140916433891e-03
5.0070482584230807e-03
5.0005632542993832e-03
4.9898180104000706e-03
5.0068039034470522e-03
5.0043484036348283e-03
4.9982512480357937e-03
5.0025412168427123e-03
4.9907334938780164e-03
4.9909935568503523e-03
5.0130718984465229e-03
4.9652641115024839e-03
5.0274089847802371e-03
4.9829264144513686e-03
5.0098475307305441e-03
4.9769664444009667e-03
5.0097059448061133e-03
4.9743139037282729e-03
5.0030502490394698e-03
4.9897648677528113e-03
4.9877073533005694e-03
5.0092223311512746e-03
4.9660419152253929e-03
5.0162236039023745e-03
4.9837556194599029e-03
5.0030154391363622e-03
4.9906652611256862e-03
5.0059606113089230e-03
5.0238853560281406e-03
4.9720897680460077e-03
5.0142063849580630e-03
4.9854203406033051e-03
5.0156880393909713e-03
5.0028993956072396e-03
5.0004307469335369e-03
4.9940391056272982e-03
5.0170199628689132e-03
5.0025772893619288e-03
5.0166215399400334e-03
5.0138575360074876e-03
5.0187989555655638e-03
5.0160381557499351e-03
5.0220304683969421e-03
5.0132798615057424e-03
5.0260481221204205e-03
5.0252671643715146e-03
4.9922315538285531e-03
5.0301698751711475e-03
5.0325792353871461e-03
5.0139806960296058e-03
5.0310007428831524e-03
5.0087244858409968e-03
5.0296108110115811e-03
5.0195208349194101e-03
5.0271375117766741e-03
5.0249560688392821e-03
5.0240385634642993e-03
5.0372186397407729e-03
5.0308504858887016e-03
5.0416915447842907e-03
5.0259911331153075e-03
5.0345738426925994e-03
5.0488786940748615e-03
5.0360831070200996e-03
5.0445576108324704e-03
5.0313418888254906e-03
5.0524232228011468e-03
5.0384705593513497e-03
5.0297007063032284e-03
5.0557191693094174e-03
5.0113118986137442e-03
5.0537436694248674e-03
5.0552406942203157e-03
5.0246072791734868e-03
5.0487813393149394e-03
5.0318594171286542e-03
5.0478080328267335e-03
5.0316442075113016e-03
5.0561955205666266e-03
5.0227877885738615e-03
5.0611003566669093e-03
5.0343416037675571e-03
5.0592335808561789e-03
5.0622168015250161e-03
5.0464222545203294e-03
5.0538648382015593e-03
5.0362309740315603e-03
5.0660558807051103e-03
5.0459003580848325e-03
5.0685303412052116e-03
5.0370992178928979e-03
5.0477452889292661e-03
5.0681080659495201e-03
5.0506649390562042e-03
5.0564478036642345e-03
5.0542792820825293e-03
5.0657942049812908e-03
5.0522996495768772e-03
5.0749894344313783e-03
5.0425910356313086e-03
5.0763928606787972e-03
5.0611345131004242e-03
5.0543087327627996e-03
5.0649870910742410e-03
5.0649870909929302e-03
5.0543087327789924e-03
5.0611345131024166e-03
5.0763928607097360e-03
5.0425910357136039e-03
5.0749894343349354e-03
5.0522996495328360e-03
5.0657942050171293e-03
5.0542792821921482e-03
5.0564478035221520e-03
5.0506649390699397e-03
5.0681080660788290e-03
5.0477452888543165e-03
5.0370992178589476e-03
5.0685303412411160e-03
5.0459003580706858e-03
5.0660558806818051e-03
5.0362309739899946e-03
5.0538648381932838e-03
5.0464222544597363e-03
5.0622168016422201e-03
5.0592335807682545e-03
5.0343416037426491e-03
5.0611003567735064e-03
5.0227877884920892e-03
5.0561955205829113e-03
5.0316442074656081e-03
5.0478080329197242e-03
5.0318594170607042e-03
5.0487813394140373e-03
5.0246072791177787e-03
5.0552406943032155e-03
5.0537436692847928e-03
5.0113118987386547e-03
5.0557191691850282e-03
5.0297007063875524e-03
5.0384705593449070e-03
5.0524232227217945e-03
5.0313418888934718e-03
5.0445576107819292e-03
5.0360831071008900e-03
5.0488786939413850e-03
5.0345738427766693e-03
5.0259911330784446e-03
5.0416915447526866e-03
5.0308504858902576e-03
5.0372186397902290e-03
5.0240385633892838e-03
5.0249560688641302e-03
5.0271375117405719e-03
5.0195208349403039e-03
5.0296108110120044e-03
5.0087244857598247e-03
5.0310007429709598e-03
5.0139806959687205e-03
5.0325792354338223e-03
5.0301698751392251e-03
4.9922315537897777e-03
5.0252671644177007e-03
5.0260481221127652e-03
5.0132798615517915e-03
5.0220304684052072e-03
5.0160381557599939e-03
5.0187989554784616e-03
5.0138575360459958e-03
5.0166215399436512e-03
5.0025772894030001e-03
5.0170199628027995e-03
4.9940391056527422e-03
5.0004307469554690e-03
5.0028993955375418e-03
5.0156880393752842e-03
4.9854203406052870e-03
5.0142063849083918e-03
4.9720897680815765e-03
5.0238853560228593e-03
5.0059606112158681e-03
4.9906652611866695e-03
5.0030154392790875e-03
4.9837556192785255e-03
5.0162236039745988e-03
4.9660419153401535e-03
5.0092223310590610e-03
4.9877073533052211e-03
4.9897648676761061e-03
5.0030502492248823e-03
4.9743139035632010e-03
5.0097059449561616e-03
4.9769664442563030e-03
5.0098475308648161e-03
4.9829264144553385e-03
5.0274089847425502e-03
4.9652641115132045e-03
5.0130718983018322e-03
4.9909935569635629e-03
4.9907334939346395e-03
5.0025412168312085e-03
4.9982512479244540e-03
5.0043484037252143e-03
5.0068039034758078e-03
4.9898180103468718e-03
5.0005632542628534e-03
5.0070482585619193e-03
5.0087140915405903e-03
4.9856492759238896e-03
5.0140978638141386e-03
5.0007568092499963e-03
5.0183107973037549e-03
4.9960676053249055e-03
5.0160324266473755e-03
4.9751409240919022e-03
5.0237764556728430e-03
5.0025333192486501e-03
5.0200889010018580e-03
4.9970323326256824e-03
5.0252862782276817e-03
5.0075125356575483e-03
5.0126490242356561e-03
5.0108278852180272e-03
5.0111660906953480e-03
5.0053779725589727e-03
5.0003899982867658e-03
5.0284224922530476e-03
4.9911731993519583e-03
5.0131751156762957e-03
5.0010359899871635e-03
5.0094446540437281e-03
5.0063184179858378e-03
4.9976381988037291e-03
5.0067255728908702e-03
4.9989251797743122e-03
5.0111746900206667e-03
5.0096121177377103e-03
5.0032556007586155e-03
5.0049829409125187e-03
5.0205427344981075e-03
4.9893711274349812e-03
5.0304200806822706e-03
5.0172526743680786e-03
5.0153656413634597e-03
5.0068456215102315e-03
5.0454748878468389e-03
5.0005178168426572e-03
5.0443017895586426e-03
5.0013607773523195e-03
5.0250701579487248e-03
5.0367520610055784e-03
5.0273103488511512e-03
5.0311245154701558e-03
5.0089873218092697e-03
5.0291182333996156e-03
5.0318991507069932e-03
5.0057853726721757e-03
5.0434760640188517e-03
5.0221186892858783e-03
5.0339136844324926e-03
5.0296173743749782e-03
5.0421383932324985e-03
5.0433439242758733e-03
5.0335358686197087e-03
5.0620524150731174e-03
5.0285324652169392e-03
5.0567074415313112e-03
5.0601875942999138e-03
5.0217681627945350e-03
5.0594968659662121e-03
5.0466656722596270e-03
5.0566713484503584e-03
5.0582261350530728e-03
5.0385128975303280e-03
5.0858501361051587e-03
5.0385714851687189e-03
5.0579859643088100e-03
5.0631494345173399e-03
5.0482869001676348e-03
5.0617974501442550e-03
5.0549172017725543e-03
5.0467332443256989e-03
5.0597374040670289e-03
5.0252612680157680e-03
5.0492892427640088e-03
5.0556304496048553e-03
5.0407453603065677e-03
5.0504430069009086e-03
5.0653839052984869e-03
5.0367963519939631e-03
5.0527012443927124e-03
5.0297103124661282e-03
5.0642276103841088e-03
5.0337238060315422e-03
5.0670713827016961e-03
5.0276587589989513e-03
5.0444763569025873e-03
5.0682078259434568e-03
5.0246019586768923e-03
5.0562765093500744e-03
5.0267930692764855e-03
5.0460346020642904e-03
5.0563620058797420e-03
5.0540187953254326e-03
5.0403918012757801e-03
5.0393335485370248e-03
5.0570854095538520e-03
5.0428520414758397e-03
5.0315557695538209e-03
5.0528081432860443e-03
5.0385927646902770e-03
5.0483679044242107e-03
5.0490818048614418e-03
5.0376200455187403e-03
5.0495104721787320e-03
5.0514112524285421e-03
5.0546913947721083e-03
5.0700676181052720e-03
5.0317081005211428e-03
5.0589978651360661e-03
5.0656055344409645e-03
5.0442238416036154e-03
5.0715264120217117e-03
5.0333499536651524e-03
5.0554258632968625e-03
5.0539315641065273e-03
5.0612123873864630e-03
5.0215431335525603e-03
5.0866886760235078e-03
5.0177571352604654e-03
5.0584235826070306e-03
5.0166604080555720e-03
5.0844317879846744e-03
5.0049081196502608e-03
5.0515738888716622e-03
5.0306061397554372e-03
5.0399720993394709e-03
5.0584909428184593e-03
5.0255863539949135e-03
5.0438649142384925e-03
5.0149823244517297e-03
5.0670491309006268e-03
5.0423055132344926e-03
5.0297227946090048e-03
5.0557367382309294e-03
5.0339057069195793e-03
5.0302716133930449e-03
5.0510390897436476e-03
5.0247753075585181e-03
5.0361696762090489e-03
5.0095577896491859e-03
5.0475639516834444e-03
4.9864570712084165e-03
5.0459936633966435e-03
5.0099056606213365e-03
5.0019196847105526e-03
5.0420740521337215e-03
4.9905137845036220e-03
5.0076215281502591e-03
5.0172253855073345e-03
4.9940899243754054e-03
5.0159365342972821e-03
4.9783317816243511e-03
5.0138137307344519e-03
4.9995545544327148e-03
4.9940825081536099e-03
5.0101298818708744e-03
4.9970090375782731e-03
5.0131308168252092e-03
5.0024375286137649e-03
5.0235377725678680e-03
5.0161106657960379e-03
5.0262995061043144e-03
5.0008782433612377e-03
5.0396626924026095e-03
4.9870545147086094e-03
5.0119882479405589e-03
5.0071244414670668e-03
5.0426778396767975e-03
4.9848309647072646e-03
5.0273746562634319e-03
5.0039395939987172e-03
5.0154512466369840e-03
5.0325669634474959e-03
5.0081583896775979e-03
4.9984557042683318e-03
5.0270899304427543e-03
5.0066291429152338e-03
5.0274831216119168e-03
4.9981766837414029e-03
5.0048342192423531e-03
4.9920108404580867e-03
5.0207116552278405e-03
4.9825343492350500e-03
4.9958090983281420e-03
5.0115408305204763e-03
5.0073247756687268e-03
4.9914769878820183e-03
5.0207391072326418e-03
4.9754785655302339e-03
5.0438684449352796e-03
4.9798075763643488e-03
4.9913587562520024e-03
5.0022224120956854e-03
4.9862632761580464e-03
4.9965253851305593e-03
5.0172206445527482e-03
4.9616352769060543e-03
5.0328836033387524e-03
4.9649980053856702e-03
5.0182299840834145e-03
4.9954133795596439e-03
4.9999978914083525e-03
4.9948700087277956e-03
5.0193623034723500e-03
4.9856763552658242e-03
5.0214494449372909e-03
5.0048734241278934e-03
5.0228358055643537e-03
4.9760087175238039e-03
5.0331050547810612e-03
5.0048327778176409e-03
5.0275625830643140e-03
4.9941384036174393e-03
4.9914421678238004e-03
5.0085628874012430e-03
4.9955728714849348e-03
5.0252562378597862e-03
4.9726260148836004e-03
5.0063147714316308e-03
4.9976295731320626e-03
4.9985074458063997e-03
5.0016419561527223e-03
5.0021630892695878e-03
5.0087338038139117e-03
5.0041581481130660e-03
5.0284054786975422e-03
5.0170922005048262e-03
5.0074762342669351e-03
5.0318952429705367e-03
5.0116740518642896e-03
5.0240479441407875e-03
5.0369144814980055e-03
5.0110254040736379e-03
5.0604408188003160e-03
5.0204960790038262e-03
5.0451647737173476e-03
5.0388516021481165e-03
5.0497674297410415e-03
5.0560315207313234e-03
5.0333211330472671e-03
5.0592126199923010e-03
5.0421207460457024e-03
5.0402252876168389e-03
5.0360325854712151e-03
5.0400133355914941e-03
5.0233427866744236e-03
5.0418376303304384e-03
5.0062057130232512e-03
5.0484792522653213e-03
5.0057234575307781e-03
5.0399134934094219e-03
5.0555281710933878e-03
5.0329347857963926e-03
5.0076178292206147e-03
5.0538430487389934e-03
5.0140920767164018e-03
5.0560403178232386e-03
5.0173710917175863e-03
5.0136149225486126e-03
5.0363573568918104e-03
5.0277919251617018e-03
5.0436925218612823e-03
5.0182092794511775e-03
5.0282904614342722e-03
5.0608262557301012e-03
5.0334705640932105e-03
5.0691682083514236e-03
5.0327071298323133e-03
5.0774315507885141e-03
5.0611579849164810e-03
5.0594186736682457e-03
5.0377813538412418e-03
5.0715269857951346e-03
5.0437495803489947e-03
5.0661739951416993e-03
5.0208480807907314e-03
5.0959729077562710e-03
5.0476769429291090e-03
5.0695386303108818e-03
5.0438664891804593e-03
5.0623131240500729e-03
5.0485501242728418e-03
5.0568546857738409e-03
5.0342797731238054e-03
5.0700149065125901e-03
5.0460654830755975e-03
5.0544867749113135e-03
5.0407862658878753e-03
5.0463540505795539e-03
5.0475267320647657e-03
5.0431605650008348e-03
5.0405578038243710e-03
5.0442340725507153e-03
5.0505817699883068e-03
5.0480030016279284e-03
5.0530977764703918e-03
5.0103885591591358e-03
5.0706883396377236e-03
5.0595212565905179e-03
5.0621755589641019e-03
5.0694538228125280e-03
5.0293217307861180e-03
5.0843349947505808e-03
5.0582342691520531e-03
5.0754616385708332e-03
5.0482060692514201e-03
5.0680088763011459e-03
5.0596054835516015e-03
5.0349886320819708e-03
5.0746552617145571e-03
5.0086177920281999e-03
5.0583090818140690e-03
5.0460810422391757e-03
5.0380367121756588e-03
5.0390274302249969e-03
5.0538424093954605e-03
5.0202612525707142e-03
5.0498792945109965e-03
5.0154099848455065e-03
5.0355314479766794e-03
5.0140692328345228e-03
5.0274179977805710e-03
5.0143731471266962e-03
5.0178543250904029e-03
5.0218047641038214e-03
5.0154713489137422e-03
5.0208954100304853e-03
5.0276813189806977e-03
5.0276708393638698e-03
5.0321740876885391e-03
5.0168401985417116e-03
5.0512084419387614e-03
5.0126128759818188e-03
5.0387488495879634e-03
5.0361403095897563e-03
5.0189926953893467e-03
4.9842730205747841e-03
5.0653480609133272e-03
5.0121372759505305e-03
5.0424615241049468e-03
5.0186711189698207e-03
5.0254050101217421e-03
5.0477283012706087e-03
5.0501221515938831e-03
5.0194091361257260e-03
5.0368139152708047e-03
5.0285976716176496e-03
5.0626602692400548e-03
4.9914727024498520e-03
5.0206712078248710e-03
5.0149395464697205e-03
5.0084963488780656e-03
4.9998532216065684e-03
4.9886715376576997e-03
5.0047163339432005e-03
5.0057066413095952e-03
4.9969928297558096e-03
4.9877852584100475e-03
5.0141400642165533e-03
5.0060561844480454e-03
4.9709323621028546e-03
5.0036722260665811e-03
4.9929483336377039e-03
5.0223803958344979e-03
4.9917443856961801e-03
5.0160657930685111e-03
5.0162049268910377e-03
5.0106314068087661e-03
5.0118813893358840e-03
4.9903197082260464e-03
5.0409235385174018e-03
4.9960169072680452e-03
5.0442729135327363e-03
4.9836150934535082e-03
5.0262246869864366e-03
5.0213691799921717e-03
4.9799262124122093e-03
5.0395215986019570e-03
4.9716624695951761e-03
5.0368047138583073e-03
4.9862446864195097e-03
5.0042875408104655e-03
4.9581132836896812e-03
4.9953426721791212e-03
5.0262019256104842e-03
4.9615008773076967e-03
4.9925485303368164e-03
4.9800549380959935e-03
4.9971647482800119e-03
5.0002637213705705e-03
4.9884486237966883e-03
5.0179813827084391e-03
4.9782581920962826e-03
5.0446454515621813e-03
4.9809379650897836e-03
5.0192444388634030e-03
5.0148073685894806e-03
4.9880807538665306e-03
5.0199770153251657e-03
4.9945745782287677e-03
5.0261031233462955e-03
4.9970931574790534e-03
5.0251935310284311e-03
5.0231728922844159e-03
5.0093299926249708e-03
5.0182688373526145e-03
5.0110376004610180e-03
5.0237042025009305e-03
5.0160345786575680e-03
5.0103482694134460e-03
5.0202943412280378e-03
5.0201717687429091e-03
5.0147352073258286e-03
5.0146395934350272e-03
5.0120345135392817e-03
5.0323294271072795e-03
5.0163761090375476e-03
5.0172358006539824e-03
5.0602908400292782e-03
5.0040313404013520e-03
5.0150418567602691e-03
5.0257934003267619e-03
5.0060064672162105e-03
5.0343168414693808e-03
4.9771033052307383e-03
4.9994023369815330e-03
5.0135644731970274e-03
5.0175208644542895e-03
4.9857445378001814e-03
4.9946233591302161e-03
5.0479676947928556e-03
5.0039897738440153e-03
5.0344487213826554e-03
5.0193983374897866e-03
5.0430599826817692e-03
5.0444500766291091e-03
5.0288638714786286e-03
5.0441076198209965e-03
5.0555276513151153e-03
5.0528944931581667e-03
5.0325939788891400e-03
5.0554579314981331e-03
5.0565866918762022e-03
5.0310521681158965e-03
5.0520235085564002e-03
5.0184166695565286e-03
5.0450599234289177e-03
5.0201243522997579e-03
5.0314812760645965e-03
5.0342703521232520e-03
5.0521689907771740e-03
4.9880196823764876e-03
5.0557167650007980e-03
4.9984219633684513e-03
5.0560782150426940e-03
5.0216988225154097e-03
5.0163236605330992e-03
5.0632414310787088e-03
5.0316310121522410e-03
5.0359780342279217e-03
5.0766408856639834e-03
5.0261991934091059e-03
5.0744487287875785e-03
5.1029704407241352e-03
5.0183691304132427e-03
5.0425857491675817e-03
5.1118830397920874e-03
5.0260453262504909e-03
5.0733988658119150e-03
5.0376924566484429e-03
5.0446135475860571e-03
5.0550049024576426e-03
5.0563364487790224e-03
5.0242606813651570e-03
5.0562841296683311e-03
5.0299553340617375e-03
5.0230935866534283e-03
5.0798304504504968e-03
5.0223111026555687e-03
5.0646596116507552e-03
5.0336441832914882e-03
5.0634358639004892e-03
5.0276522278512635e-03
5.0629945959336283e-03
5.0231435080906979e-03
5.0725067795926891e-03
5.0463437975832642e-03
5.0438907067312669e-03
5.0509742669854231e-03
5.0559534195931555e-03
5.0283148962611815e-03
5.0365676009979940e-03
5.0548250361393578e-03
5.0346202091310840e-03
5.0381080060544949e-03
5.0306577209630861e-03
5.0181864080851759e-03
5.0429963685943721e-03
5.0212429254426682e-03
5.0461153678832303e-03
5.0253975098082538e-03
5.0479391299203423e-03
5.0341494761446028e-03
5.0765731531285940e-03
5.0576119932620265e-03
5.0662705385541070e-03
5.0480254235012439e-03
5.0650451885641979e-03
5.0584074952892419e-03
5.0541465418844477e-03
5.0319921184881281e-03
5.0454274197824067e-03
5.0286838503897022e-03
5.0428162576118514e-03
5.0079725380882305e-03
5.0628730547232752e-03
5.0016443672615402e-03
5.0107000399669931e-03
5.0129132306920643e-03
5.0248537828915434e-03
5.0067272020165050e-03
5.0421343509318471e-03
5.0131479592072101e-03
5.0322740146688345e-03
5.0343776911078190e-03
5.0318542981738672e-03
5.0436744362056312e-03
4.9982658274875863e-03
5.0548763986194428e-03
5.0294247911569067e-03
5.0504324578033921e-03
5.0249047954933459e-03
5.0381991624855443e-03
5.0284349025202964e-03
5.0538059190794382e-03
5.0207846199676800e-03
5.0026727421065816e-03
5.0525371225598487e-03
4.9669575019388240e-03
5.0460956218410062e-03
4.9633505173665429e-03
4.9911219151964172e-03
5.0370971944789233e-03
4.9978526116725951e-03
4.9706601806918400e-03
5.0408648545433934e-03
4.9806868000820854e-03
5.0538570688332396e-03
4.9834845195620460e-03
5.0244347627872677e-03
4.9940853694961356e-03
5.0425879987403329e-03
5.0144012442056001e-03
5.0489801369184894e-03
4.9934283816892248e-03
5.0343341978456059e-03
4.9996023034219956e-03
5.0145084053281191e-03
5.0068758468164529e-03
5.0134735521300752e-03
4.9796478456747440e-03
5.0556059397062767e-03
4.9662212572732000e-03
5.0123922943653750e-03
4.9931847102044694e-03
4.9853711841513883e-03
5.0181374022741322e-03
5.0261277969825191e-03
5.0017150126766396e-03
5.0009525808676061e-03
5.0305386461997892e-03
5.0308828305143556e-03
5.0100028756783193e-03
5.0422651776178828e-03
5.0090949511842993e-03
5.0281859863961107e-03
5.0133243440003495e-03
5.0199585094346079e-03
5.0108722775255264e-03
4.9627517032677726e-03
5.0345685323132487e-03
4.9380833541376404e-03
5.0201173670832988e-03
4.9866169440133789e-03
4.9972564879298955e-03
4.9698997821232662e-03
5.0518864846601395e-03
4.9852828293646236e-03
5.0296924730518031e-03
5.0254074129055751e-03
4.9965812106970457e-03
5.0110963583981346e-03
5.0437243107903105e-03
5.0286482953770606e-03
5.0259838393254602e-03
5.0141523419681613e-03
5.0263388514120051e-03
5.0038307435939702e-03
5.0097239177711679e-03
5.0214145196810769e-03
4.9879741934154478e-03
5.0279733288307810e-03
5.0395645093820971e-03
4.9833344042239320e-03
5.0204405769111058e-03
5.0015833099310960e-03
5.0088282987532269e-03
5.0269209130581593e-03
4.9846329648751738e-03
5.0208848007223805e-03
5.0189733278003168e-03
5.0052378439409797e-03
5.0369015742786046e-03
5.0206373776099785e-03
5.0150762706433925e-03
5.0987577587918859e-03
4.9797488233559312e-03
5.0485447815286997e-03
5.0553434190939630e-03
5.0198974173664901e-03
5.0327038442883852e-03
5.0312640132644153e-03
5.0242702214582397e-03
5.0350790325472492e-03
5.0481233018848243e-03
4.9968506348687805e-03
5.0218221957701453e-03
5.0028588378923464e-03
5.0237606646031854e-03
5.0088081678409660e-03
5.0494296651189168e-03
5.0131525078065727e-03
5.0291698000104051e-03
5.0666477999204733e-03
5.0244858561979307e-03
5.0153498323709253e-03
5.0779670354330108e-03
5.0317114079004091e-03
5.0816657102937743e-03
5.0367783504412390e-03
5.0172687135084642e-03
5.0462469123847579e-03
5.0388440494474364e-03
5.0235654228295394e-03
5.0138015609448973e-03
5.0204631945145409e-03
5.0293143826164299e-03
5.0112961373915115e-03
5.0128801614371908e-03
5.0498151753130853e-03
5.0240885254456040e-03
5.0650203575890460e-03
5.0635480073742360e-03
5.0254187552220223e-03
5.1184080370692371e-03
4.9961795229060517e-03
5.0853123005092848e-03
5.0579664737292057e-03
5.0278831624003982e-03
5.0335305926830411e-03
5.0424524741855183e-03
5.0342191925983439e-03
5.0257489141570175e-03
5.0715289520312044e-03
4.9783933791658031e-03
5.0608206133686863e-03
5.0239433369301699e-03
5.0473808528666364e-03
5.0277288674287976e-03
5.0742112470106024e-03
5.0197807919986331e-03
5.0764588551381849e-03
5.0486629514331378e-03
5.0107045014750641e-03
5.0669509401529934e-03
5.0327736200774225e-03
5.0551234817379203e-03
5.0283434443100855e-03
5.0591248016393841e-03
5.0373415019351253e-03
5.0561499366341437e-03
5.0290985707806980e-03
5.0666197212210287e-03
5.0113685645809935e-03
5.0736654846349040e-03
5.0189787777488743e-03
5.0160675644589925e-03
5.0483094101264371e-03
5.0304211652645184e-03
5.0050604899424100e-03
5.0557442149313314e-03
5.0109098246961465e-03
5.0539289436877305e-03
5.0180451536255425e-03
5.0385299899960295e-03
5.0276749322922540e-03
5.0662339508877260e-03
5.0382420511957187e-03
5.0664074466964595e-03
5.0425712963034341e-03
5.0209485823253875e-03
5.0622638972170845e-03
5.0383362511561992e-03
4.9912562218598720e-03
5.0381883926895023e-03
5.0374802884987193e-03
4.9797418469637563e-03
5.0303106665661708e-03
4.9874303760162209e-03
5.0398706783021932e-03
5.0211292727737221e-03
5.0215693911203011e-03
5.0380015352641137e-03
5.0335690440101270e-03
5.0516193563783620e-03
5.0287989844325877e-03
5.0655791408962987e-03
5.0619352134699137e-03
5.0167705300904353e-03
4.9998395998754417e-03
5.0275081846422806e-03
4.9857644002767746e-03
5.0135401373135376e-03
4.9949464289636286e-03
5.0309992639146197e-03
4.9861590603887222e-03
5.0294443620452437e-03
5.0270507519220124e-03
5.0151674773669212e-03
5.0179513078410483e-03
5.0466591260439220e-03
4.9971444258436540e-03
5.0701704409068420e-03
4.9980888439406929e-03
5.0220610434055044e-03
5.0110525455594928e-03
5.0228918372743469e-03
5.0037438437173943e-03
5.0128738066287397e-03
4.9898039586605270e-03
5.0109649915042933e-03
5.0446870337510037e-03
4.9799407475571668e-03
5.0267276341904232e-03
5.0411959364792674e-03
5.0023038679202813e-03
5.0010491961031567e-03
5.0378651690482744e-03
4.9886779251513188e-03
5.0105267977134148e-03
5.0233898120702657e-03
5.0112535873967981e-03
4.9994752154962022e-03
5.0344617565714119e-03
5.0082430483844569e-03
5.0229223756718721e-03
5.0288137586227393e-03
5.0161659678426146e-03
5.0081601139321218e-03
5.0186323026397443e-03
5.0156543101638057e-03
5.0098084209967315e-03
5.0103955125141942e-03
5.0209637072650241e-03
4.9674222043201970e-03
5.0274654840112513e-03
4.9973481761174873e-03
5.0143301033878911e-03
4.9818230481638468e-03
5.0752565814010378e-03
4.9928885318557981e-03
5.0477851422828426e-03
5.0443237044168320e-03
5.0160945821817148e-03
5.0524593668411924e-03
4.9880371418158220e-03
5.0748221094092400e-03
4.9894576450508496e-03
5.0174609344881202e-03
5.0046052487609221e-03
4.9981703909569453e-03
4.9842072100996469e-03
4.9593213330633833e-03
5.0613567308305752e-03
5.0152298328290873e-03
5.0428859528179352e-03
5.0489308360407402e-03
5.0341862130725296e-03
5.0325497729776895e-03
5.0241893614426754e-03
5.0523045845501744e-03
4.9997813774485464e-03
5.0279654664354941e-03
5.0301544193458447e-03
4.9821328781909733e-03
5.0333751292613400e-03
4.9838520307343365e-03
5.0748766613823229e-03
4.9968871270468090e-03
5.0566250595391344e-03
5.0131802205315530e-03
5.0411162065530177e-03
5.0369634630150961e-03
5.0453224785680191e-03
5.0149078602549036e-03
5.0251605042204543e-03
5.0533166972518877e-03
4.9702027345152697e-03
5.0362698720301290e-03
5.0549508444666475e-03
4.9733949243396490e-03
5.0900897243143714e-03
5.0309237741921328e-03
4.9896527279022340e-03
5.0626150141959859e-03
5.0254586771871935e-03
5.0385368969163170e-03
5.0250416884117964e-03
5.0234503728896016e-03
5.0417675095304855e-03
5.0197420751062474e-03
5.0460829493950516e-03
5.0167213857972796e-03
5.0548523536845160e-03
5.0033867454579587e-03
5.0601315276958981e-03
5.0485637429559804e-03
5.0210626395583670e-03
5.0435725715992467e-03
5.0561253758029034e-03
5.0518957829225426e-03
4.9821849580451707e-03
5.0350778930474622e-03
5.0123310520599094e-03
5.0262945967499105e-03
5.0192604238206238e-03
5.0386968473731452e-03
5.0025432784017929e-03
5.0405888553026459e-03
5.0352262733507312e-03
5.0753961759245651e-03
5.0623984693362245e-03
5.0682506842540656e-03
5.0581208646227832e-03
5.0039099791705588e-03
5.0327676298822710e-03
5.0013298165078480e-03
5.0102126026027325e-03
5.0602896569607661e-03
5.0055164027626078e-03
5.0216625503308465e-03
5.0634176523076989e-03
5.0130508907110629e-03
5.0702974187775713e-03
5.0451924577573993e-03
5.0682726961118725e-03
5.0005922292484326e-03
5.0343749842267907e-03
5.0135647189004521e-03
5.0343264387334519e-03
5.0326086306708446e-03
5.0092117469955743e-03
5.0409349415698815e-03
5.0208242748159054e-03
5.0372416031976112e-03
5.0432788413384009e-03
5.0859645210090450e-03
5.0027867998926256e-03
5.0608829969366826e-03
5.0022724560903542e-03
5.0171845124268319e-03
5.0837230666168553e-03
5.0011021397824386e-03
5.0132170333596600e-03
5.0415436652769229e-03
5.0105441994244973e-03
5.0634506714631444e-03
4.9995886353900836e-03
5.0419109045991839e-03
5.0423447883520362e-03
5.0057399936299964e-03
5.0545031529552840e-03
5.0219501066955698e-03
4.9934319337501107e-03
5.0741793356786982e-03
4.9864397363254013e-03
5.0045934591163655e-03
5.0386799006964375e-03
5.0616523423078156e-03
5.0371975591418823e-03
5.0301558427947998e-03
5.0443078054491245e-03
5.0229372672712970e-03
5.0213026075197446e-03
5.0571190696478193e-03
5.0023309062507309e-03
4.9706010414941786e-03
5.0316961013149152e-03
4.9775478797262282e-03
5.0416211297733410e-03
5.0255315222612982e-03
5.0562055783807871e-03
5.0467208607846764e-03
4.9854890320791849e-03
5.0481815723738060e-03
5.0186122495610944e-03
5.0139070301015694e-03
5.0131208432225068e-03
5.0210355498365071e-03
4.9754094733825789e-03
5.0475108543481121e-03
5.0077204532537273e-03
5.0663886014867855e-03
4.9959444727091509e-03
5.0322347667226524e-03
5.0482632486342485e-03
4.9974961100046735e-03
5.0469186379202445e-03
5.0067030337933071e-03
4.9874041037128733e-03
5.0162127525383961e-03
5.0230956878264755e-03
5.0107370160423033e-03
5.0423681926593166e-03
4.9781634446413661e-03
5.0566414532971183e-03
5.0177985982877461e-03
5.0284037214606350e-03
5.0214592222710044e-03
4.9894124124364742e-03
5.0846043832354177e-03
4.9433998458799705e-03
5.0950132642845385e-03
4.9588245108612688e-03
5.0370856789636511e-03
5.0413618129415009e-03
5.0078641669017120e-03
5.0495061394403781e-03
5.0304232727550894e-03
4.9973788683920772e-03
4.9730881006878978e-03
5.0650886058644963e-03
4.9840685875185559e-03
5.0207814800454862e-03
5.0363916380405400e-03
4.9980205166379500e-03
5.0760184796589001e-03
5.0140172267163809e-03
5.0617977405712604e-03
4.9990397700017718e-03
5.0621191278914669e-03
4.9775303690465207e-03
5.0022317747064476e-03
5.0746176185060068e-03
4.9997995837850603e-03
5.0244094645719699e-03
5.0466766413710890e-03
5.0195193995097760e-03
5.0205617609282048e-03
5.0582958610413164e-03
4.9943101431999797e-03
5.0235676800642858e-03
5.0237382042362050e-03
5.0320956893163543e-03
5.0195792295329887e-03
5.0097674934505799e-03
5.0444594191886571e-03
5.0148893420802546e-03
5.0608399521894507e-03
5.0028100530210571e-03
5.0286827315799611e-03
5.0382541513963397e-03
5.0357916828350996e-03
5.0003886673334426e-03
5.0582765269075684e-03
5.0077581867115604e-03
5.0396176021056957e-03
5.0054260583794726e-03
5.0379926617811800e-03
5.0155458117350296e-03
5.0617714556443422e-03
5.0169267905077215e-03
4.9885106643485916e-03
5.0968597013642579e-03
4.9555008526540201e-03
5.0704667657262732e-03
5.0519882132793537e-03
4.9995700312778528e-03
5.0720665191411624e-03
5.0190398777542802e-03
5.0087849787546022e-03
5.0582926588182992e-03
4.9659978919102234e-03
5.0382740068138339e-03
5.0316535194556231e-03
4.9658418785615268e-03
5.1199673743827761e-03
4.9743346436235628e-03
5.0335453592444956e-03
5.0568700567290960e-03
4.9991712769175307e-03
5.0419856506329517e-03
5.0239625584698362e-03
5.0429951761144544e-03
5.0343405929046065e-03
5.0272302680535634e-03
5.0406102452595566e-03
5.0137758420351905e-03
5.0546463080670965e-03
5.0001474268988582e-03
5.0456864971034927e-03
5.0150146938682579e-03
5.0775139770342700e-03
4.9977994206427808e-03
5.0405932812788226e-03
5.0157803658993499e-03
5.0208933768405000e-03
5.0282827220152334e-03
5.0419644834489444e-03
5.0436476687986372e-03
5.0424897491425447e-03
4.9975288237678875e-03
5.0456569777201131e-03
5.0213258843107376e-03
5.0075176585780102e-03
5.0612122365030583e-03
5.0011062665838921e-03
5.0570248385426037e-03
4.9866516660473648e-03
5.0392518939140754e-03
5.0339538475794683e-03
5.0284426997833521e-03
5.0521210485305361e-03
5.0457818091072968e-03
5.0486555095213513e-03
5.0074786247249967e-03
5.0256539486188412e-03
5.0470077129053216e-03
4.9747233064682522e-03
5.0757696464211180e-03
5.0019758056028098e-03
5.0096004311024856e-03
5.0316956954499789e-03
5.0188515106414922e-03
5.0110514596932955e-03
5.0380976926177818e-03
5.0517936341567303e-03
5.0035420515401625e-03
5.0149164121933553e-03
5.0196323582154621e-03
5.0261746194191874e-03
5.0189141128518643e-03
5.0818081469731187e-03
4.9591519230298680e-03
5.0778306706037012e-03
4.9527278590543013e-03
5.0531544236464571e-03
5.0375690040954891e-03
5.0158240156613094e-03
5.0450203509155101e-03
4.9876053337602087e-03
5.0381254515780060e-03
5.0169786693478784e-03
5.0641050563636309e-03
4.9753215825249688e-03
5.0462828331292869e-03
4.9944718321953963e-03
5.0179616599400007e-03
5.0271744626055413e-03
5.0293046616846360e-03
5.0129136169958701e-03
5.0588930101373745e-03
5.0051024598914209e-03
5.0501870872992618e-03
5.0045696807974752e-03
5.0475964679830287e-03
5.0526533468894389e-03
4.9543830630707671e-03
5.0896786768801156e-03
4.9969123264222166e-03
5.0082170105580255e-03
5.0647909284795515e-03
4.9873058250512314e-03
5.0684067019843414e-03
4.9923845106071025e-03
5.0487199862243324e-03
5.0328902334732615e-03
5.0205056595572202e-03
5.0128828882638104e-03
5.0669288274258024e-03
4.9808868957840809e-03
5.0602146532910978e-03
5.0134883995673245e-03
5.0577807848375365e-03
4.9912083057035359e-03
5.0583500082681272e-03
5.0130551164519485e-03
5.0355194034637880e-03
4.9980821281582445e-03
5.0668352846471327e-03
5.0158881369211841e-03
4.9753044553149245e-03
5.0539738745460795e-03
5.0559442693452212e-03
5.0149492102383392e-03
5.0563128651392722e-03
5.0177330760298238e-03
4.9808994129021539e-03
5.0499579001397482e-03
5.0147581174025497e-03
5.0193125390500908e-03
5.0178506878846190e-03
5.0591617586322399e-03
5.0406183977173185e-03
4.9743350242146076e-03
5.0730702675711578e-03
5.0485859297440799e-03
4.9848507071519107e-03
5.0571242687597554e-03
4.9601591275810000e-03
5.0640153828891369e-03
5.0990904799497324e-03
4.8791842151137636e-03
5.0415575361308666e-03
5.0000527696715596e-03
5.1240823583009968e-03
5.0687945119621373e-03
4.9981397022692596e-03
5.0320508278272136e-03
4.9077483865071136e-03
5.1029230369720527e-03
4.8797379127133748e-03
5.0925259520605620e-03
5.1381225535326695e-03
4.8189433673301888e-03
5.4009702215384765e-03
4.9214620039420218e-03
4.6796982615951018e-03
5.1835688777763060e-03
5.2439956319067643e-03
5.1159167309431774e-03
4.7860046490413900e-03
5.0659443812692351e-03
